96,4
96,3
96,2
96,1
96,0
91,4
91,3
91,2
91,1
91,0
89,3
89,2
89,1
89,0
88,44
88,43
88,42
88,41
88,40
88,39
88,38
88,37
88,36
88,35
88,34
88,33
88,32
88,31
88,30
88,29
88,28
88,27
88,26
88,25
88,24
88,23
88,22
88,21
88,20
88,19
88,18
88,17
88,16
88,15
88,14
88,13
88,12
88,11
88,8
88,7
88,4
88,3
10,107
88,1
10,247
86,3
86,1
10,249
10,111
10,175
10,77
10,277
10,2
10,3
84,4
84,3
84,1
11,29
11,27
11,25
11,21
11,19
11,18
9,5
9,7
9,2
9,3
8,4
8,15
8,11
12,2
11,17
11,16
12,1
11,14
11,10
11,9
12,3
11,7
11,5
11,4
11,3
11,2
11,1
10,309
10,308
10,307
10,291
10,287
10,283
10,281
10,279
10,239
10,225
20,2
20,1
20,3
19,2
19,1
19,3
10,223
10,214
10,207
10,181
10,169
10,162
10,134
10,124
10,78
10,66
